000000 7e3a414c 706d6574 2065712e 2e435344
000010 0d504551 203a5453 20202020 430d3133
000020 20203a4f 582b0d31 3220203a 2d0d3435
000030 20203a58 0d343532 203a592b 30202020
000040 3a592d0d 20202020 58410d30 20202b3a
000050 0d343532 2b3a5941 20202020 20200d30
000060 20202020 20202020 20202020 20202020
*
0001f0 00202020 20000000 20202020 20202020
000200 a13f00a1 00a13f00 4100a03f 80140080
000210 00801400 14008015 80140080 00801500
000220 14008014 80150080 00801400 15008014
000230 80140080 00801500 14008014 80150080
000240 00801400 15008014 80140080 00801400
000250 14008015 f8140080 00000000
00025a
