000000 030060 030060 030060 033440 031545 032141 032061 020143
000010 030067 062066 032466 032067 031040 033060 033465 031061
000020 020145 062462 031464 031465 032064 030012 030060 030460
000030 020060 062060 030065 032464 030465 031040 031460 032541
000040 032464 020063 030062 030062 030062 030062 032040 030063
000050 031544 031461 005063 030060 030060 030062 031040 031060
000060 031460 032141 020146 034065 061062 062060 030463 031440
000070 031062 031060 031460 020141 062062 062060 032063 032463
000080 030012 030060 031460 020060 030062 030062 060463 034065
000090 030040 031544 031464 031465 020062 030062 060463 034465
0000a0 061062 031440 031060 031060 031060 005060 030060 030060
0000b0 030064 031440 032541 031071 030144 020144 030062 030062
0000c0 030062 030062 032440 032070 030061 031544 020060 030062
0000d0 030062 061062 060463 030012 030060 032460 020060 062060
0000e0 032063 032463 031063 031040 031542 032541 032071 020061
0000f0 030062 030062 030062 030062 031040 031060 030060 031544
000100 005060 030060 030060 030066 031040 031060 031060 031060
000110 020060 030062 030062 030062 030062 031040 031060 031060
000120 031060 020060 030062 030062 030062 030062 025012 030012
000130 030060 063061 020060 030060 030062 030062 030062 031040
000140 030060 030060 030060 020060 030062 030062 030062 030062
000150 031040 031060 031060 031060 005060 030060 031060 030060
000160 060440 031461 030146 060460 020061 030060 030541 063063
000170 030060 032040 030061 060460 031460 020146 030070 032061
000180 030060 030070 030012 030060 030462 020060 030060 030070
000190 032061 030060 030440 030064 034060 030460 020065 030070
0001a0 032061 030060 030070 030040 034060 030460 030065 005060
0001b0 030060 031060 030062 030440 030064 034060 030460 020064
0001c0 030070 032461 030060 030070 030040 034060 030460 030064
0001d0 020060 032461 030060 030070 032061 030012 030060 031462
0001e0 020060 030070 032061 030060 030070 030040 034060 030460
0001f0 030065 020060 032061 030060 030070 032061 034040 030460
000200 030065 034060 005060 030060 031060 030064 030040 034060
000210 030460 030064 020060 032461 030060 030070 032061 034040
000220 030460 030064 034060 020060 030060 030070 032061 030060
000230 030012 030060 032462 020060 032061 030060 030070 032461
000240 063040 030470 030064 034060 020060 030060 030060 030060
000250 030060 030012 030060 032462 005141
00025a
